6 1 7 2 100 105 107
2618 10306 6603 7873 11504 4630 3217 6708 4944 8098

9615 29 9479 13046 10617 6269 4490 6657 12209 10313
9615 29 9479 13046 10617 6269 4490 6657 12209 10313
13130 829 10831 3252 12313
13130 12312 12313 10831 14689
13130 10831 12313 829 3252 12312 14689
5070 5167 5169 5273 9149 9213 11224 1963 4067 10689
5258 10760 13462 8961 9953 10505 5382 7071 11843 9559
5258 13462 10760 8961 7071 11224 9953 10505 11843 1
10617 9615 3512 9170 10780 9022 7135 8746 6657 3065
12136 3065 10617 10780 3019 2221 5779 5767 9022 4093
12136 10617 9022 10780 3065 3019 4093 8621 8664 2221
